   1.2000659115844012e-01
  -1.3271664626736590e-02
   3.3203567965170261e-01
   1.2550991588245408e-01
  -2.7839729543783293e-01
  -3.3327493923528226e-02
   5.8505811244505213e-02
   1.8389071012954235e-02
   1.4043762047365546e-01
   1.7885895154068482e-01
   6.1909751150777841e-02
   6.5625978310991755e-03
   3.9177350836348386e-02
   6.9739772924269736e-02
   2.2809402952734464e-01
   8.1301158480806143e-02
   3.5157372247175064e-02
  -1.1135436987403920e-01
  -2.6199642940075837e-03
   2.0978787417152867e-01
   1.8943403714413531e-01
   5.1804621329551229e-02
  -2.3253174427920572e-02
  -4.9202809801908096e-02
  -6.0289615938676579e-02
  -6.0679135429583246e-02
   7.2941663252073075e-02
  -1.5146165288006938e-01
   3.1028918619458324e-02
   1.5571784548848902e-01
   4.5603220081887198e-02
  -1.4849838907992949e-02
   1.0440207403916990e-01
  -1.5337271421575080e-01
   2.5299780815285808e-02
   1.8628313511229851e-02
  -4.2007009025318024e-06
  -7.9197324896343999e-02
   8.6038240508553333e-03
   1.2488825756034040e-01
  -7.5665572043380647e-02
   3.9442862144360449e-02
  -4.1637468421155198e-02
   5.3341280985811368e-02
   2.6699296819093145e-02
  -1.3741307345168829e-01
   8.0082753618919048e-02
   4.6932751229521050e-02
  -2.9526096710903119e-03
   1.5294089853028431e-02
   1.1558243310850114e-01
  -1.0435732296202378e-01
  -3.5447948232178721e-02
  -1.3317684443829506e-01
  -5.6506010183990936e-02
   1.0150186841907249e-01
  -1.2061525063672845e-02
  -6.6951262244586709e-02
   2.1028354147912622e-02
  -4.5987222458244000e-02
   4.7825572392240445e-02
  -1.2138801101735451e-03
  -4.4103150989698130e-02
   8.8504836506618381e-04
   1.7846622314647599e-02
  -6.4734022627383009e-02
  -5.3880833633885634e-02
  -5.9188535681654955e-02
   4.2879182758995479e-02
   4.5931559866248861e-02
   2.4265752110719678e-02
  -3.3796749254319712e-02
  -2.4634459312074180e-02
   5.6618404916167530e-03
  -3.4100494337024653e-02
  -1.5681132747679793e-02
   7.3721438165245696e-03
   4.8489676885343488e-02
   3.0031055305581946e-02
   3.3808341453284443e-02
  -3.9940497866205640e-02
   9.3101857367869825e-03
   3.7700324409617528e-02
   1.2947366945600031e-02
   6.4124542690669984e-03
   2.1631803155268914e-02
   3.4760756423955217e-03
   2.3499007895387024e-02
   2.4625730218517407e-02
  -1.1785921630724248e-02
  -2.4303552520507837e-02
   2.0730078715735477e-02
  -8.9329313097492227e-03
  -1.4655765983257558e-03
  -1.8195293211520160e-02
   1.9309040284116914e-02
   4.5779220461950468e-03
  -3.0644340151294820e-02
   2.7634899385611325e-02
   4.2026075031678843e-02
  -7.4383150473671346e-03
  -5.4622483081717800e-03
  -1.4989843557714908e-02
   5.0957350715550307e-03
   1.3558643841574678e-02
   1.0337068282369244e-02
  -3.8246183165193031e-03
  -2.3676492830085353e-03
  -1.3591380986885700e-02
   2.2892647990304497e-02
   7.4461286740606534e-03
   3.1348063476180996e-03
   1.9445351891130069e-02
   5.0116976845666168e-03
   2.1117236895094212e-02
  -1.7626702325858725e-03
   1.0251353717136225e-02
  -1.7786259629561974e-02
  -1.1563439654585816e-02
   1.8504370545239218e-02
  -1.9674636474344816e-02
  -1.6337167355585016e-02
  -7.8179278808237166e-03
  -7.2170986118327038e-04
   4.0908896375042051e-03
  -3.4309418907452365e-03
   1.0902019467602501e-02
   5.1928772399139327e-03
  -1.0560821439250438e-03
   1.0291958480013599e-02
   8.2320267141716471e-03
   7.2427599983217478e-03
  -1.7222855252555327e-03
   2.0313533790604060e-03
  -4.4007084011991283e-03
   2.2089216443801829e-03
   4.7657746612180842e-03
   3.8132255141924559e-03
   7.7656243331543178e-05
  -2.4223150579101237e-03
   4.4922429210420148e-03
  -5.7384562638483592e-03
  -1.8094137386182362e-03
   6.4772644940559575e-03
   1.7867972787841844e-03
   6.0034651123659702e-03
   2.8254895907951910e-03
   6.0646824565113661e-03
  -3.2312171893841219e-03
  -2.0061240640244851e-03
   2.0827527415908298e-03
   4.4352643174172344e-03
   1.8623000612251225e-03
   4.5165514640049555e-05
  -9.9392554742307833e-04
  -1.2008833071340392e-03
  -1.9405907392887973e-03
  -7.3776060867891523e-03
  -5.1441850264168755e-03
  -7.9099695831583109e-03
   6.1316727223026746e-03
   2.5179585892755253e-03
   4.6959054309382098e-03
  -7.6138629431956868e-04
   6.5754031893398707e-03
  -3.9128752105596328e-03
   7.6808375148607593e-03
  -2.0330172120229311e-03
   2.8980732056902905e-03
  -3.7784309440151856e-03
  -2.8413565694926793e-03
  -1.4030716591174621e-03
   6.4384470258474725e-03
   2.2105156575316560e-03
  -1.2931242080336714e-04
  -3.1482828386769483e-03
  -9.0466584730605933e-03
   2.5445228441216543e-04
   3.9018165785843154e-04
   7.4270968811477114e-03
  -2.0177749521144250e-03
   4.6726175441025551e-03
   9.1992667614420145e-04
   1.4773026676358090e-03
   8.8384821051237729e-04
   1.8902567098645045e-03
  -3.0725466968554785e-03
   1.4741471553886972e-03
   2.2697284519602092e-03
  -7.8231748104056809e-04
  -5.2775129552199811e-03
  -4.4699043256452367e-03
   1.1183506017968107e-03
   1.4347748590191906e-03
  -1.4786169229486106e-04
  -1.6176947267507098e-03
  -1.8448983397086956e-03
   9.2991990956512696e-04
   1.4295569625242385e-03
   1.3589657088011206e-03
  -2.3000197216368643e-03
  -7.7648443471088104e-04
   5.9384087487782708e-04
   1.6548875561860886e-03
   2.1232531176166481e-03
  -1.0685641506075539e-03
   1.8411117010840292e-03
  -3.2877332305617066e-04
   1.2190778808862826e-03
  -1.4344044054561212e-03
   1.7884463791710439e-04
  -1.5070935041672125e-03
   2.0184476707737372e-04
  -1.4428593093324046e-03
   6.0335608093882594e-04
  -3.3873277809208594e-04
   8.6318602869275059e-04
  -7.1483623024825790e-04
   8.6561000955276608e-04
   3.7080746118736213e-04
   7.2552994646713322e-04
   6.8901600919390928e-04
  -5.5974309920366993e-04
  -1.7510288615089076e-03
   6.6709570532669812e-04
   4.1568620147961220e-04
   3.2962264546582549e-04
  -4.0558652610943286e-04
  -9.8961534363663662e-04
  -1.3252577097620907e-03
  -5.2197676580457823e-04
   8.3397638230827992e-04
   6.6467547639150111e-04
   7.6266870988617912e-04
   6.2276756042519809e-04
  -5.9920209677610478e-04
  -1.0282973488542325e-03
  -2.0602101365017346e-04
   9.2696325736269793e-04
  -2.0199551616820709e-03
   8.2084143274671801e-04
  -3.8325164254737515e-04
   2.7323412442240702e-04
   2.6946188846742249e-04
  -1.5463537674593892e-04
  -1.0537981124437251e-04
  -2.3700628153321159e-04
   3.1633856203812681e-04
  -3.3033439562775142e-04
   5.9161886421588074e-04
  -1.8568011216108594e-04
   2.2903867562838173e-04
  -7.3622167552463255e-04
  -3.2535845557092380e-04
   2.9887399247530204e-04
  -4.8890226754217325e-04
   8.2928728056420528e-04
  -6.3913984568990921e-04
   3.0292969416975018e-04
   5.3533080050837919e-04
  -6.7563116947048441e-04
  -4.2356222316970632e-05
   5.3455503576375397e-04
   4.7012412648520814e-04
   4.0578887314638882e-04
   6.5425996922738815e-04
   6.8521140861551363e-05
   4.0212120981573669e-04
   1.7831960354797345e-04
   3.9019964082689462e-04
  -1.6090138485002215e-04
   5.6714861292632922e-04
   1.4514100222369632e-04
   5.2156285978450850e-04
   3.3365345617293585e-04
  -3.9252973733537652e-05
   7.8379022273313405e-04
   1.9706928718259215e-04
  -2.1729599996381168e-04
   1.6177092831929218e-06
   3.1690786565563090e-04
   1.6326083981218345e-04
  -4.6482619295450574e-05
   2.1309484757975041e-04
   3.4211639402725413e-04
  -4.9351110454374993e-04
   1.9261590601425915e-04
  -2.0569157046935313e-04
   2.0783594079664736e-04
   1.8298394571918223e-05
   4.2580401788211295e-04
   2.9593692291662058e-04
   1.5768121077125802e-05
   2.4895554832742722e-04
   3.6406742914019092e-06
   9.2084479039686927e-05
  -1.8347016543597276e-04
  -1.2677636082644305e-04
   4.0528501330297913e-04
   5.7933057221592105e-05
  -9.3201122080071520e-05
  -2.8186364591267966e-04
   9.5018843318999489e-05
  -1.2052233668101296e-05
   1.4952434745911674e-06
  -1.5200403345925540e-04
  -1.3754941855151343e-04
   1.7323097552609386e-05
   1.3835136041298401e-04
   2.4069551593072295e-04
   1.5002310899579627e-04
  -1.0319519207497302e-04
  -5.4940583717592429e-05
   2.2555743937730438e-04
  -3.5260036735159163e-05
   7.8355132343491666e-05
  -4.4054711976014280e-05
   7.2304141967549225e-05
  -2.1568423483660144e-05
   3.1113050301136803e-05
   3.9039297789058349e-05
  -9.6556146805279049e-05
  -4.3463350072579344e-05
   4.9951022240001673e-05
   1.0922741824374587e-04
   2.2923203046959953e-05
   6.6185840058228509e-05
   1.7003725498359714e-04
  -2.2733219242837351e-04
   1.5097229845423602e-04
  -2.2564539349699897e-05
   1.4004206140468426e-04
   1.5517300273103170e-04
  -5.2927343691402503e-05
   8.3700058756105817e-05
   9.7843599077047638e-06
  -4.8544809118838446e-05
   1.2500484634438798e-04
   7.7234803164028882e-05
   4.6206247336063832e-05
   5.0352188350176501e-05
   3.1054502405199235e-05
  -1.5091513456488230e-04
  -7.4094134513173480e-05
   2.6361819631442838e-06
  -4.0624451767310985e-06
   4.6113579697257499e-05
  -8.6453612000951118e-06
  -8.8653104984497417e-06
   6.0225425945405405e-07
   3.4951088321044215e-05
  -8.3192663997652122e-05
  -8.6819386902784316e-05
  -4.5446633092887899e-05
  -7.3400962880905803e-06
   4.5987954133119930e-05
   5.5041906649126608e-05
  -8.2671801900234321e-05
  -7.3345814756090486e-05
  -8.6800434552811075e-05
  -4.6172273546069684e-05
  -3.1625183702743822e-05
  -3.8114898496731831e-05
   7.3549606806721797e-05
   1.9053978758244708e-05
  -4.6846631025365660e-05
  -8.1641484825493120e-05
  -2.2573941370817309e-05
  -4.1364410519405767e-05
   6.7605637597793872e-05
   4.9645678625667376e-05
   5.0568468411927228e-05
   9.8183099673060948e-05
   4.4567646351522240e-05
  -3.0441828350311008e-05
  -1.9569926545699111e-05
   5.1181157652042303e-05
   1.2870872802783032e-05
   2.8601373380589077e-05
   4.5916868727738473e-05
   2.9180333603459180e-05
  -6.1665222135935528e-07
  -1.2968549512325832e-05
  -1.5785737944369214e-06
   8.7010200905113454e-06
   2.3941996029413718e-05
  -1.8530319923985900e-05
   3.8640797502550465e-05
   5.5982586244690480e-06
  -1.1366380825654312e-05
   2.5820522559842078e-05
  -1.6091852556407427e-07
   1.7081509374940229e-05
  -2.0687968471609962e-05
   2.5077365561793953e-07
  -1.7682855436672498e-05
  -3.4678146672708134e-05
   1.4090357184239592e-05
   5.3925300719806956e-06
  -4.2523130297213600e-06
  -1.5739091551590365e-06
   7.9255065900447625e-06
  -1.8184798313098875e-06
  -4.6719006393306016e-06
   8.4771034541005366e-06
   1.5278843028053051e-05
  -7.7778469079770842e-06
   1.0284399158917165e-05
  -1.6298966633347407e-05
  -4.5146498171500313e-06
   6.0050112416445477e-06
  -2.6570484010106153e-06
   6.3047334254406735e-06
  -7.5405239353094374e-06
  -2.7061195350610255e-05
  -5.6848752522182897e-06
   1.3164435102080038e-05
  -6.6922361328257583e-06
  -3.2515903772960393e-06
   6.9242782429810272e-06
  -2.1397357253329911e-05
   7.0536035466489325e-07
  -5.1528001584510721e-06
  -6.8042950798355394e-06
   8.9090908599673065e-06
  -3.8834844347232580e-06
   1.8847367710814738e-06
   7.5295614560435221e-06
  -3.7807037848451706e-06
  -7.5548884552098546e-06
   5.5913165708584229e-06
   5.8036419896258934e-07
   5.9459424280858284e-06
  -1.1224874213142557e-05
  -1.2862461380178127e-05
   9.3154127854210498e-06
   1.4947837740077117e-05
  -5.8152785787387610e-06
  -9.6740089057198159e-06
   2.2850129579936252e-06
  -9.6804740519578451e-06
   1.1537386296509925e-05
  -3.9527763451561248e-06
  -1.3341816639403954e-06
  -2.9695028210847152e-06
  -7.3395555615980172e-06
   5.8537749471493730e-06
  -1.0094138671102477e-05
  -5.2394903898061324e-06
  -8.7807952385557931e-06
   7.1784803857044395e-06
   5.3488145005406010e-06
   6.3143765735935267e-06
  -1.7603588668885577e-06
  -1.3269026020263734e-05
  -3.4740145098094218e-06
  -6.4172627380984266e-06
  -7.5994228059446163e-06
  -3.7322773117274706e-06
   4.3715679073957655e-06
  -5.6513378723614776e-07
   1.1986982840699840e-06
  -1.7440440865713250e-06
   5.5027055145991642e-06
  -2.3510078953166332e-07
   7.5281787041556567e-06
  -7.7675637966777046e-06
   9.7221245698045155e-08
   3.3100162601751840e-06
  -3.1545153872029991e-06
   2.3499333984901504e-06
   2.7891876911198402e-06
  -1.8531390692617749e-06
   3.3107926340351838e-08
   8.5291916747347059e-06
   5.4535808770099992e-07
  -7.1547077606875803e-06
   3.4276595495154199e-06
  -4.2342446534625469e-07
   1.4089313560098429e-06
   1.8621198564007016e-06
  -3.7545479607374025e-06
  -7.5342015011690219e-07
   6.0843212125576088e-07
   2.4759155209191911e-06
   2.0297955740879405e-06
  -3.3552337359870526e-07
   4.4844398769564112e-06
  -8.3553287873719377e-07
  -9.8405193318477394e-07
  -4.4719434962945842e-06
  -2.2061883764591049e-06
   3.0375658274774032e-06
  -6.8121821552571973e-07
   1.3741744722263298e-06
  -1.8173277107604472e-06
   1.1213993744612112e-06
   2.1678615808663978e-06
   1.9378127390956411e-06
   2.2309793275267397e-06
   2.3476895377299691e-07
  -5.3381806367649309e-07
   1.6729056154762123e-07
   1.5473139200705541e-06
   8.1222940581072136e-07
  -1.6450206896819887e-06
   3.2162280840260709e-06
  -4.3114627661161839e-07
   2.3594713964332040e-07
  -6.9829580412561422e-07
   6.2157728783983168e-07
   1.9903518491734823e-06
   9.1529932858262425e-07
  -2.6598778141182605e-07
   4.0547906906083021e-07
  -5.8610608559949576e-07
  -1.5213817535306960e-07
   2.3756047158008448e-07
   1.2213463354143144e-06
  -1.3832355964461656e-06
  -9.4433814788560077e-08
  -1.3866347880378355e-06
   1.9660785407613464e-06
  -1.8105874259271353e-06
   1.2350829546752545e-08
   1.6723934918244164e-06
  -5.0754935160529079e-07
  -1.8777076937106825e-07
   2.8051476806513673e-07
  -1.0920603472499843e-06
  -1.4758908721681664e-06
   1.5902788140507691e-06
   4.7130831813752781e-07
   2.7593941551173296e-07
  -2.8899990725739477e-07
   3.0798344833517877e-07
   5.7240794123044857e-07
   1.2363509477932311e-06
   3.4351518279868392e-07
   6.2293685438088304e-07
  -8.3368299758348934e-07
   1.6182126783492419e-08
   1.9918592687209048e-07
  -9.7969514943247681e-07
   1.3179382676336054e-07
   6.1577395337956770e-07
   5.2311669324871239e-07
  -8.4472359591666242e-07
   8.4664649964503929e-07
  -1.9169104945997340e-06
   3.1169603118290832e-07
   6.5705494849316130e-07
  -8.9475979330619801e-07
   4.1257014114713765e-07
   9.7504843711631936e-08
   7.2549180895968379e-07
   2.1914799585209559e-07
   7.9514824865254023e-07
   1.1620029399408292e-06
   2.0102898937323065e-07
  -7.3409886387076448e-07
  -5.2986287920782019e-07
   7.2277553276326301e-08
  -6.1238265455741515e-07
  -5.1191496744229032e-07
  -9.9720265898654554e-08
  -2.1664022931151741e-07
   1.0256426336800036e-07
  -5.5677794267490721e-07
   4.3917669370851422e-07
  -7.0804977328407342e-07
   7.1366605989056910e-08
   3.3801116695509687e-07
  -1.5490777251334749e-07
   4.5846641933192531e-08
  -5.2878549322276535e-07
   3.8909006848501216e-07
  -2.9031245486671018e-07
   2.6638768292636674e-07
  -4.6396675873532157e-07
   4.0448012514465005e-07
  -4.2281218659155140e-07
  -6.0139526396250370e-07
  -4.9825458923831566e-07
   2.1823467898839276e-07
   4.3598275839488344e-07
  -1.6713244986830888e-07
  -1.4880621053522584e-07
   1.3427500417519605e-07
  -4.1944683203950344e-08
  -3.6855092083272529e-07
   6.2872102924127128e-08
   1.0108174604991475e-08
   3.1055221294227294e-08
   1.4444390069737954e-07
   4.6648741350032941e-08
   6.1230497768887570e-08
  -1.8913366244310458e-07
   2.9921928073115930e-07
   3.7426924561444404e-07
   9.4630117542066208e-08
   1.5376560015294544e-07
  -2.2819468544831758e-07
  -1.3768956841995619e-07
   3.5437069737224123e-07
   8.5525528313077396e-08
  -4.9640445307881703e-07
   4.1701731028113118e-07
   7.8356288140179985e-08
  -3.0857644279774546e-07
   2.6475807983800687e-07
  -4.1041148436561487e-08
   1.8285100211121583e-07
  -8.7315197708690508e-08
   6.6610229872311080e-08
  -3.2774746961596631e-07
   4.6521975982614725e-08
  -3.7991048197194952e-07
   6.6607812531332481e-08
   4.8647313405018958e-08
   1.6568750017474182e-07
   4.7933543256641038e-08
  -8.3523100770823429e-09
  -3.0417642779645904e-08
  -1.3972567300877555e-07
  -1.1198887158701777e-07
  -2.6394006544318198e-07
   1.5258826467218575e-08
   5.1425325539370120e-08
  -6.9609836966688884e-08
  -1.0481747893507014e-07
   2.7278658133263406e-07
  -8.8606909135065605e-08
   1.1955271650983526e-07
   6.8304115104552348e-09
  -2.0763489621618945e-07
   1.8238746503944860e-07
   1.8612979257840624e-07
   6.9518569343170224e-08
  -1.2143473140035675e-07
  -9.2784376676943848e-10
  -1.8298289723534648e-07
   1.4370749680124330e-07
   6.7257089830743552e-09
   1.6811149304872182e-07
  -1.0328831572606723e-07
  -2.4059209678981764e-08
  -1.7114026986591543e-08
  -5.6241510576420841e-08
   7.1058066308869057e-08
   1.4673981542438814e-07
  -5.9389408589567351e-08
  -8.7000281712551510e-08
  -7.0172904216741992e-08
  -1.8426971560696822e-08
  -7.9734367184965591e-08
  -1.4099249097611962e-08
  -6.0972533783493271e-09
  -3.3698679678181101e-08
   2.9523071363099849e-08
  -9.1199655302598195e-08
   1.4978638011107245e-07
   4.6454764765882227e-08
  -2.5161760320809457e-08
  -1.4767220943914134e-07
  -7.0060432927984560e-08
  -3.0059132435666191e-09
   7.5879675924540178e-09
  -1.9489086912866509e-08
   3.7851320524428831e-08
   3.6151418657938174e-08
  -4.5505810647150966e-09
   3.2209505150254142e-08
  -3.3555815233656687e-09
  -7.4874684663005807e-08
   6.6293708021518592e-08
   1.7775751196023511e-08
  -8.2204133656210909e-08
   3.2991467158471468e-08
   1.4605797858671776e-08
   3.8422741551308202e-08
  -2.5668009457328919e-08
   3.6297887336021542e-08
   3.8248456941780636e-08
  -2.4224520420354624e-09
   7.8491075360616940e-09
   8.4763094677544172e-09
   5.1864566242517824e-08
  -1.0651682501735393e-08
   4.1460810978439027e-08
   2.5125083703762838e-08
  -3.9744834341300684e-09
  -6.4773244254477763e-09
  -2.0520522572128575e-08
   1.1769542830093389e-08
  -5.2735292908780189e-08
  -2.2650362252119620e-09
  -2.2664180741814619e-08
  -6.9251482782715370e-09
   1.0228446475803560e-08
  -7.8945256623809597e-10
  -1.2426859386611403e-08
   4.8360185272568878e-09
   1.1065631195087541e-08
  -1.9288098659159893e-08
   3.0879897294084148e-08
   2.1477355508469450e-08
   2.8169117698230530e-08
  -6.7113487934007382e-09
  -7.2615130925977485e-10
   4.5839906518471789e-09
   1.2627363000125157e-08
   3.9578273578214437e-09
   2.0346673101908858e-09
  -3.3421839242894981e-08
   3.5337489757762498e-08
  -2.8299686062748831e-08
