  -1.8399999403381975e-01
  -1.5230701891713730e-01
  -4.5043611104942427e-02
  -7.6501925254984199e-02
  -7.4249446206917522e-02
   2.6461142611662008e-03
  -6.3098676288117161e-02
   4.6404117030320151e-02
  -2.2843604274916582e-01
  -2.3341977574799229e-02
  -6.8556530066875052e-02
  -1.3652181794610960e-01
  -6.9381471814819393e-02
  -1.8801405293130183e-01
   3.7536918919361638e-02
  -2.5934891445291351e-02
  -2.4519828029197253e-02
  -4.9420899429928937e-02
   6.4139804301979450e-02
   6.0302537464011735e-02
  -5.5793582444993460e-02
   4.2917279304111051e-02
  -1.0924167024803912e-01
   1.2656449844234330e-01
  -1.3160396116705464e-01
  -1.4348926037509041e-01
   4.0839206814459944e-04
  -3.6419918740650994e-02
   2.8873293063808907e-02
  -2.8692135412229498e-02
   1.5673966198640268e-02
   3.3152666147515990e-02
  -1.8535438835577495e-01
  -5.2027133501670094e-03
   4.7717057517973949e-02
  -4.8663517008635471e-02
   2.4610222010021691e-03
   2.7922458846759292e-02
   4.3484804276786191e-03
  -1.0596780733992452e-01
  -2.0664883219803656e-02
   4.3768636745361689e-02
   6.0249963904275096e-02
   7.2809512588834974e-02
   3.0362921342144480e-02
  -5.1670501838956683e-02
  -8.7905892918133707e-02
   4.5411040143600000e-02
  -6.9517717330723192e-02
  -5.9334885957072411e-02
  -1.2166484201292908e-02
  -4.4233054547985852e-02
  -5.8523741824811355e-02
   3.2068772910774909e-02
  -4.8360160830633818e-02
  -1.2664628795483317e-02
   4.7789506037750507e-02
  -2.9056864616688632e-02
  -8.6611592182819792e-03
   2.4926511046176335e-02
   9.1845502700422757e-02
  -4.1757399313392195e-02
  -2.0677466500817504e-02
  -2.8916113423668666e-02
   6.3187968193163691e-02
   7.2721140331151124e-02
  -3.8347241386214481e-02
   7.8685590811026617e-03
   1.3267812382440342e-02
  -2.3368359518495183e-02
  -3.8071187158912313e-02
  -3.1352257726264564e-02
   1.4782503072282403e-02
   1.3986200545854841e-03
  -9.9478443056580162e-04
  -3.0988462082665820e-02
  -3.1754293683200825e-02
  -6.3318166391709311e-03
   9.0496215334697101e-03
  -2.0867165482478967e-02
  -3.3865090569868160e-02
   7.0060082171848267e-02
   2.6286408643223375e-03
   1.5403881478361291e-02
   6.1181795910972718e-02
   4.4084725142425436e-03
   2.6501705118797143e-02
   8.1154562710037282e-03
  -6.0102159987001184e-03
   4.7058717711229367e-02
   7.0774785496047800e-03
   1.2995267530829174e-02
  -1.1178605639856668e-03
   7.3062871984813250e-03
  -6.8717122276748368e-03
   5.9275460658732631e-03
   7.5014680978537198e-03
  -4.9878361845085505e-02
  -1.2930564359745947e-02
   6.6832980957169039e-03
  -3.1119646115440321e-02
   1.0543825301364952e-02
  -2.0047763536801072e-02
   8.5189678157692392e-03
   5.3634652602610614e-03
   5.7380778901895959e-03
   1.0430233876677191e-02
   1.3172681978913499e-02
   2.3031783915921873e-02
   4.0103152461261896e-04
  -1.1846038716329639e-02
  -4.8180720643779687e-03
   1.5793890477596849e-02
   4.1764413619189075e-03
   6.0354455149124386e-03
   1.4652033619438938e-02
  -1.6707586388792415e-02
   2.4667225943317255e-03
   5.8269574050538106e-03
  -1.9097559618871836e-02
   6.4317130854235826e-03
  -7.5210824203956568e-03
   1.5103861851747873e-02
   4.8587261129470110e-03
   1.2825795389972704e-02
  -2.9887495601448283e-03
   1.0077044290917365e-02
  -9.0491798781768343e-03
  -1.0381950193445019e-03
   4.6072791721761595e-04
   1.0669532324266564e-02
   1.6722994576252724e-03
  -1.0052311637775041e-02
   5.6457885304243187e-03
  -1.6955775461282084e-03
   1.5556425344848586e-03
  -6.6456514540504986e-05
   7.9312066536483036e-03
   2.5612783070226020e-03
  -6.4493305087219193e-03
   7.0703209963371124e-03
   1.0108682004086707e-02
   5.7955384094038427e-03
  -1.0064712798605923e-02
   1.6242831513849476e-02
  -4.8198043208013417e-03
   4.5791893186452933e-03
   3.7276803876837902e-03
  -8.1693750199980403e-04
   1.1642161594578926e-02
  -7.9035426141934228e-04
  -1.5657096182085295e-03
  -1.2699585752394169e-02
   1.6584893974972086e-02
  -4.8062654050753757e-03
  -1.4977146533237153e-03
   2.9390991448853096e-03
  -9.9579139224823844e-04
  -1.0112170065411379e-03
  -3.4028710028046979e-03
   1.5064203553692328e-03
   1.3599139663713824e-03
   1.5544633528118254e-03
   3.0493929757506068e-03
   4.5505096083511880e-04
   4.6576168526387351e-04
   1.2662785604785575e-03
   3.1082002592485603e-03
   2.7938154224969669e-03
  -1.4117072592737152e-03
  -2.0564994120603705e-03
   6.6180433918180100e-03
  -1.6927769989962646e-03
   2.7754038083945103e-03
   2.4121041446541246e-03
  -6.0611809102441923e-04
   2.9905836101125279e-04
   7.4652612739263479e-05
   1.1842234620636843e-03
  -9.7956314473290548e-04
  -1.6718286709913291e-03
  -7.4363320602475840e-04
   2.3702444966361893e-03
   3.4363691745482165e-03
  -4.6454874905254347e-03
  -2.7756983621278447e-03
  -9.9074932950014649e-07
   3.9408491621018716e-03
  -1.1547214837167985e-04
   2.5110299888669250e-04
   1.8030309332333846e-03
  -1.8708127390823024e-03
  -2.1696436976042727e-03
  -1.1933486748002329e-03
   9.6582020265207865e-04
  -1.8799148072229952e-03
  -1.4313582158877378e-03
   3.3162986976246729e-03
  -3.9265883906715820e-04
  -1.9513397479544402e-03
  -1.0342295331761538e-03
   2.1996619871330502e-04
  -3.5633285520195320e-04
   1.5766159809486393e-03
  -2.3533131769914776e-03
   1.3942489291462897e-03
  -3.6692409912786919e-04
  -2.5842653371730461e-03
  -6.8292738121058497e-04
   2.1544497360577417e-04
  -1.7972018171427341e-03
  -2.7192231469148767e-03
   1.2078069319176395e-03
   3.1094766962317560e-04
   1.1517229526467816e-04
  -2.2333363336176563e-03
   5.7206500695306146e-04
  -7.3246269650629017e-04
   9.5289451702884034e-04
  -1.4890147307275335e-03
   3.7110221602031763e-04
  -1.1055596578886675e-03
  -2.7101594219064765e-04
  -1.6630489256773584e-03
   4.3888478152203720e-04
   6.1750707756941855e-04
  -1.5359016134957134e-04
  -2.4363412462374530e-03
   1.0328908851080134e-03
   1.1356069658911960e-03
   5.0676130522644513e-04
  -1.6669000047621026e-03
   9.9285082238065826e-05
   1.0202747997401028e-03
   5.9290771034902032e-04
   3.2699709841954030e-04
  -1.0213796746388922e-04
  -6.7855049741294640e-05
   1.9222864223850019e-04
   1.6253931769723675e-03
  -1.2593629900317814e-03
  -8.5947286983850918e-04
  -5.1902176662775470e-04
   7.2667780365465520e-04
  -2.6749174674735776e-04
   1.8450126005202741e-04
  -8.6612277413324491e-04
  -7.5963393203684170e-04
  -9.9082571271453520e-05
  -4.6121736354992252e-04
  -4.1673558603150772e-04
  -1.1317334039977612e-03
   3.1413599529032216e-04
  -2.2245400695195615e-04
  -9.2326310037981125e-04
   4.0725918097164846e-04
  -2.6466479791063433e-04
   4.1405618734041119e-04
  -1.1574274834781205e-04
   1.6382670047222696e-04
   4.9609810407888182e-05
  -1.1109594680904299e-05
   3.4502812828843293e-04
   5.3766139712279725e-04
   1.1911158483225644e-04
  -1.3131521874433640e-04
  -5.1137828542613915e-04
   2.6383259901057830e-05
  -9.2646814470602947e-05
  -2.1609048701358739e-04
  -6.3811880774020688e-04
  -1.5046446181711100e-04
  -4.0319163334178305e-04
   8.7299905810818759e-05
   1.1205924058943128e-04
   1.1837582600481795e-04
   1.6121682737416180e-04
  -7.6110312700761185e-04
   2.7880688025689351e-04
   2.8628080479366539e-04
   6.9691498833931526e-05
  -2.8791434618981266e-04
   6.6201220535251179e-05
  -2.5854524977956143e-05
  -3.9914559065305136e-05
  -3.9393094869192549e-04
   1.0596529576846695e-04
   2.8356594438542246e-04
   4.5093058182835507e-04
   2.4204340457411295e-04
  -8.7759377261399649e-05
   3.6480091296484922e-05
  -1.0764822173290253e-05
   8.3978276924064884e-05
  -1.1986636982336055e-04
   3.9326070305979488e-04
   4.1553745649518862e-05
   2.3082860924045296e-04
  -4.8329680419905417e-04
   5.0180010709295569e-05
  -1.6528523133469339e-04
  -9.4957689979018194e-05
   6.2081953596699764e-05
  -1.3231994169821237e-04
   4.3489901365427951e-05
   1.4144909163896164e-04
  -2.6023561593831055e-04
  -2.6687691844575397e-05
  -1.3644127799381043e-04
   1.2301738659596503e-05
   3.3641238132576878e-04
  -1.0834315908122876e-04
  -1.2082812891510516e-04
   6.7169167835925625e-05
   3.9512396119815101e-05
   4.3934565188885497e-05
  -6.3905219064072457e-05
   6.4399046785601046e-05
   1.6507662014767104e-04
   1.4059464451373602e-04
   9.8241154249989433e-05
   8.1388797275058216e-05
  -1.2132534438070300e-05
   1.4350551232315925e-04
  -2.9707371024551833e-05
   1.0547905799855419e-04
  -9.1600898387013928e-05
  -1.8195300760357093e-04
   1.1724455262155562e-04
  -1.2671251691741178e-04
  -8.1546240306541926e-05
   1.0357652973951190e-04
  -1.9019681563899602e-04
  -4.3238398139909999e-05
   1.3962508366573251e-05
   2.2066131570574926e-05
   5.9362924011151303e-05
  -6.7782147197907193e-05
  -1.5162484898035338e-05
  -4.7490425679351829e-05
  -6.8058516489488186e-06
   8.0441759544558716e-05
   5.1204861587164074e-05
  -7.3501398346418717e-05
   1.8306673740320489e-05
  -4.7612513682111554e-06
   6.5557773395577299e-05
   6.7675801056053906e-05
   5.7617420094211662e-07
   5.0629542297046427e-05
   1.4262595323377049e-04
  -7.4087003662413184e-05
  -6.2369938537366516e-05
   5.5291861402452579e-05
  -3.3022908059130130e-05
  -3.4472234135945357e-05
   2.3848736162159094e-05
   4.0808747614108993e-05
  -1.2961906699581706e-05
   8.5538366260551612e-06
  -2.9771391176627342e-07
  -3.7271994915452896e-05
  -1.8879361384826988e-06
   1.1990435893945786e-05
  -5.3831695611869423e-05
   9.4326893640646797e-05
   3.7376085979781263e-06
  -1.6838499508185557e-06
  -6.2284379584050785e-06
  -1.8040241829833258e-05
  -2.7570369851063748e-05
   1.6320332428564937e-05
   1.2442094476816799e-05
   1.7047126138603334e-05
  -6.5589916854915474e-07
  -8.7032473790458888e-06
  -3.6937651454086370e-05
   1.4537948667872597e-05
  -7.6438148498419181e-06
   1.3873966761539183e-05
  -2.2423899765241750e-05
   2.0726861515472986e-05
  -5.8644659352122749e-05
   1.9930969036731724e-05
   1.6090896369782724e-05
   2.1023189426918167e-05
  -7.5683548014873108e-06
   3.6984409088031723e-05
   1.6847164077510557e-05
  -2.1290131704094782e-05
  -2.9153698158813202e-05
  -1.1282249358682852e-05
   1.8542544338047296e-05
  -2.4759891634539833e-05
   2.0840860313562632e-05
   2.5824410013999114e-05
   5.5119514645602225e-06
  -3.4908539286246978e-05
  -5.0288294434060754e-06
   4.9079088434167848e-05
  -3.8968236890727072e-06
  -1.3615510753509804e-05
  -2.4546331466106680e-05
   1.3464411114623949e-05
   1.9347573957309851e-05
   1.8445008504690205e-05
   2.2559701736328163e-05
  -2.5456354848159356e-06
  -5.5587935315128314e-06
   1.9776454554889504e-06
  -1.6291890441820834e-05
   2.5558618420541076e-05
  -2.3536236472655361e-05
   1.8128865307645270e-05
  -3.4361940642172172e-06
  -4.3723450191222921e-07
   9.5013169345116797e-06
   1.2816645082928347e-06
   6.9454177032793963e-06
   2.2525159752313420e-05
  -6.4816936452477993e-06
  -2.2382507282125301e-06
  -2.3909709547798306e-06
  -3.7806431759895540e-07
   1.7661331545768876e-05
   4.6197085625063211e-06
   2.3648838453983778e-05
  -2.6515708673875701e-06
   1.3992949449293528e-05
   1.6834037813716441e-05
   1.1147195935034614e-05
   1.6208971094183813e-05
   1.8716758396670905e-05
  -2.3730802796345017e-05
  -4.2251529086819222e-06
   7.5604861142312401e-06
  -8.6449030391461637e-06
   2.7510879524135792e-06
  -6.8923054872933133e-06
  -4.4773550188407045e-06
  -3.3809356889223180e-06
   2.1666188664805453e-06
   6.2450372584351045e-06
   7.9430831903660332e-07
  -8.0594297715552587e-07
  -6.3803474234793151e-06
   8.7243336433453461e-07
  -2.9924612937775739e-06
  -6.8847024856424939e-06
  -2.5223123622776652e-06
  -1.0381880357505958e-05
   1.4104320789934534e-05
  -4.3802538643712111e-06
   4.4414801829262619e-06
   1.3172445274442394e-05
   2.7711231985301936e-06
   4.4769097689355895e-06
  -1.2592358940499495e-06
   1.0472121063127963e-06
   9.4784555329520896e-06
   7.3712038396607762e-06
  -6.2271263348860957e-06
   2.9094433169914208e-06
  -1.1660048019983899e-05
  -3.0310499510020311e-06
  -7.1749187833740084e-07
  -8.4176730341892349e-06
   1.8830010401761805e-06
   3.5767281092823739e-08
   5.8943665164307670e-06
   3.6041966485758771e-07
  -1.8587004459221848e-06
  -6.7376720953833103e-06
  -3.9419121970049107e-06
   3.7880916768598301e-07
   6.1760438202028388e-08
   3.2489331736465325e-06
  -3.7319899749062620e-07
   7.5169888063981576e-06
   1.4854991347550395e-06
   2.0758926810444722e-07
  -2.5363478967570188e-07
  -1.7611722823473788e-06
  -4.9529552548381386e-06
   1.8934632130265867e-07
   2.0313469167375496e-06
   2.5264664894055337e-06
   7.9174476247010068e-07
   4.8680954815325322e-06
  -5.0958718830244076e-06
  -5.4893270815438076e-07
  -6.2152772417794032e-07
  -1.8212613270786314e-06
  -4.1730028959406154e-06
   6.3297007200910601e-07
  -2.7162250661923214e-06
   7.3924322907692039e-07
   5.3402839442873713e-07
  -1.2480300442401301e-06
   1.4435651575029188e-06
   9.7668153400779910e-07
  -1.5578026529092662e-06
   1.6279610192288029e-06
   4.8556669968113130e-08
  -1.0182950069685919e-06
  -3.1521764457576012e-06
  -3.0822418191610442e-07
   1.4797782708026839e-06
   3.3918286122310506e-06
  -1.0338796393067148e-07
  -2.6714569621236674e-08
  -2.6402859408486666e-06
   2.3868861272079573e-06
  -1.8478796022193113e-06
   1.8048058027856073e-07
   4.4569407592200804e-07
  -2.3490296886199858e-06
  -1.8846043427323303e-06
   4.3239322878410410e-07
   1.3334758236686077e-07
  -9.5608643470925474e-07
   1.5223142220127704e-06
  -3.5054383038163280e-07
  -2.3354407346309073e-06
   3.8965095668790031e-07
   3.6002294745296375e-07
   6.0847819972739292e-07
   1.3219772591388899e-06
   8.6853737540439531e-07
  -5.1337013946156289e-08
  -2.1270153406026083e-06
   2.1243741301509373e-07
   1.4227420751747848e-06
  -4.1378104376876886e-07
  -8.1473898655692509e-07
  -1.6244937322956092e-06
  -8.5994091237360292e-07
  -1.0042172530989295e-06
   5.1147349090910889e-07
  -5.4225888881201695e-07
  -6.1957868822043593e-07
  -1.0159181458390941e-06
   2.5647462980137494e-07
  -5.1989462478608646e-07
   1.4223900856986597e-06
  -7.6531110860092960e-07
  -2.1384402278512703e-06
  -1.3209243817771097e-07
   4.1240623548264554e-07
  -6.9073899092342155e-07
   1.2804625740050719e-06
   1.2885135499237131e-07
  -1.2064945514681088e-06
   2.5085489068124081e-07
  -6.9495458696453719e-07
  -5.3852820072893466e-08
  -8.5827363421151543e-07
  -4.0476340528921532e-07
   2.0371452041879114e-07
  -2.1856560483546639e-07
  -6.6270396507122256e-07
  -6.0477129605016375e-08
   3.0411293452923936e-07
  -4.0198170372556185e-07
  -4.5444358790891747e-07
  -6.4052478893442364e-07
   5.4676723407662698e-08
  -2.0184117455825370e-07
  -1.8949031899734855e-07
   4.7063946512296870e-07
  -6.6378708434269423e-07
  -2.5157734361556015e-07
  -1.5681546669932860e-07
   1.1368729157099121e-06
   3.0498478908204110e-07
  -4.0290909209410990e-07
   1.8994444446777160e-08
   2.8328010838441643e-07
   6.7177301002367417e-08
   2.3899854906329587e-08
   4.7200918822281506e-07
   1.8982064567177773e-07
   1.2417598466615092e-07
   3.9074528318086257e-07
  -6.1114734694245372e-08
  -1.2524238819742153e-08
   5.7391526175343338e-07
  -3.0549716593786083e-07
  -3.7400001984466711e-08
   2.1596806207275746e-07
   3.6034478596279700e-07
   3.3859258270460490e-07
   7.1792230994822519e-07
  -5.4818668861535662e-07
   2.9120751138043479e-07
  -1.5124621753933115e-07
  -2.2007508782285488e-07
  -6.0558621234930459e-08
  -1.0988357602852617e-07
  -3.8096694504058742e-07
   2.3527504205618927e-07
   2.3275390658853331e-07
   3.6907922851586114e-07
   1.0600645012872300e-07
  -4.6993236486249344e-07
  -1.9893350731333116e-07
  -4.6783750206284993e-07
  -3.0378322572562786e-07
  -3.0942611746442418e-07
   2.1639925842003533e-08
   1.0550602677697649e-07
   2.6073011911143781e-07
  -2.4929112606393382e-07
  -3.4892633269806417e-07
  -2.8708901234524319e-07
  -1.5039278689487012e-07
  -1.5938724940998134e-07
  -4.8379913010472336e-09
   3.2472442971148389e-07
   1.1788932414871350e-07
   1.6739854941269606e-07
   1.3441811892314285e-08
   9.6859330440773632e-08
   5.7049900616594927e-08
   7.2089276196660887e-09
   4.0966699940524360e-08
  -4.3749293350613970e-08
   8.5187587584195241e-08
  -2.8942364853316092e-07
   1.3960667573915570e-07
   1.9678156158659442e-07
   9.3617978490995312e-08
  -8.9597762231982197e-08
   8.4340838866066316e-08
  -7.5558489375611133e-09
   5.3141693889856834e-08
  -9.7523581050331891e-09
   1.0821187918223619e-07
  -5.8004696373667577e-08
  -8.1244876192894188e-08
   3.5057874407597259e-08
  -1.4646119493060508e-07
  -1.3353363852870345e-07
  -6.5809684662116070e-08
   8.1748860060682891e-08
   7.4939972062686830e-08
   1.6860096626953988e-07
   3.0091898936284302e-08
  -8.7801124626347162e-08
  -6.2735329484337874e-08
  -1.6865471119328407e-08
   4.5079950560444909e-08
   6.4840445147280027e-08
  -1.3129425311817092e-07
  -1.3095325176061223e-08
  -1.4451138222224647e-08
   5.9561315124540316e-09
  -2.7005119996645314e-08
  -1.1222006385500281e-07
   2.6792473714173256e-08
   7.7709792471292413e-09
  -4.2192353012728617e-08
  -3.5644677836925428e-08
   4.5186843117519544e-09
   6.5615944827288601e-08
   1.6432361710764808e-08
  -8.6769945110461713e-08
  -7.5170303814476566e-08
   2.8979606141599006e-08
   1.4018838239050471e-08
   6.0352242856351859e-08
   5.3143380981005485e-08
  -2.7398810243733865e-08
   6.8513860591951883e-08
   1.0267683684833506e-09
  -1.3835037907581388e-08
  -3.5046407534698603e-08
  -1.0231442823372891e-08
   3.7486519908247534e-08
   8.6882777481132392e-08
  -4.2944529957628951e-08
  -6.5297893492706883e-09
  -1.0294218140695775e-08
   4.3732864762700519e-09
  -3.6048625447474473e-08
   5.7023952800355125e-08
   6.2124231291394708e-09
   1.2859679820905646e-08
   2.2955174286301119e-08
  -5.0270650724776601e-08
  -3.4067192407124915e-08
  -1.7682065474497229e-08
  -1.0778890213067989e-08
   4.2313142153464591e-08
  -1.4402467864372756e-08
   2.6220578606745537e-08
  -3.8053321770514052e-08
   2.0146557381483677e-08
  -2.6466907882526614e-08
  -1.6136774679651814e-08
   3.5830953506979533e-08
   2.9239563057185003e-08
   3.4271076846903193e-08
  -1.1358895169910748e-08
   3.6764748071579126e-08
  -6.5811922098042256e-09
  -2.1328654386912810e-10
  -1.1626768699288161e-08
  -1.4214600327776796e-08
  -4.0447684666207640e-09
  -1.8488640240284343e-08
   2.2460898071295106e-09
  -2.5194670067010241e-08
   4.9370886032033478e-09
   4.9325042809392964e-09
  -3.5426077843516666e-09
   3.2067155929261607e-08
